% -------------------------------------------------------------------
%  Generated by MATLAB on 6-Jan-2022 23:54:38
%  MATLAB version: 9.11.0.1769968 (R2021b)
% -------------------------------------------------------------------
% 216 tap  Equiripple Lowpass Filter     
% Fs = 10 kHz
% Fpass =20 kHz
% Fstop = 21 kHz
% s16,14 [-2,2)

h = [0.0009765625 -0.0035400390625 -0.001220703125 0.0001220703125 0.00067138671875 ...
     6.103515625E-5 -0.00079345703125 -0.00048828125 0.00054931640625 0.0008544921875 ...
     -6.103515625E-5 -0.0009765625 -0.00048828125 0.00079345703125 0.0009765625 ...
     -0.000244140625 -0.001220703125 -0.00042724609375 0.0010986328125 ...
     0.00103759765625 -0.00054931640625 -0.00146484375 -0.000244140625 ...
     0.00140380859375 0.0010986328125 -0.0008544921875 -0.001708984375 ...
     0 0.00177001953125 0.00103759765625 -0.00128173828125 -0.00189208984375 ...
     0.00030517578125 0.002197265625 0.00091552734375 -0.00177001953125 ...
     -0.00201416015625 0.000732421875 0.00262451171875 0.000732421875 -0.00238037109375 ...
     -0.00213623046875 0.00128173828125 0.00299072265625 0.0003662109375 ...
     -0.00299072265625 -0.0020751953125 0.00201416015625 0.00335693359375 ...
     -0.00018310546875 -0.003662109375 -0.001953125 0.0028076171875 0.003662109375 ...
     -0.0008544921875 -0.00439453125 -0.00164794921875 0.0037841796875 ...
     0.00390625 -0.00177001953125 -0.00518798828125 -0.0010986328125 0.0048828125 ...
     0.00396728515625 -0.0029296875 -0.00592041015625 -0.00030517578125 ...
     0.00616455078125 0.00390625 -0.00439453125 -0.0067138671875 0.0008544921875 ...
     0.0076904296875 0.0035400390625 -0.0062255859375 -0.0074462890625 ...
     0.00238037109375 0.0093994140625 0.00286865234375 -0.008544921875 ...
     -0.00811767578125 0.00457763671875 0.011474609375 0.001708984375 -0.0115966796875 ...
     -0.0086669921875 0.00775146484375 0.01416015625 -0.000244140625 -0.0159912109375 ...
     -0.00921630859375 0.0125732421875 0.0179443359375 -0.003662109375 ...
     -0.02294921875 -0.00958251953125 0.02130126953125 0.0245361328125 ...
     -0.0107421875 -0.037109375 -0.00982666015625 0.0423583984375 0.04144287109375 ...
     -0.03302001953125 -0.08892822265625 -0.010009765625 0.198486328125 ...
     0.3822021484375 0.3822021484375 0.198486328125 -0.010009765625 -0.08892822265625 ...
     -0.03302001953125 0.04144287109375 0.0423583984375 -0.00982666015625 ...
     -0.037109375 -0.0107421875 0.0245361328125 0.02130126953125 -0.00958251953125 ...
     -0.02294921875 -0.003662109375 0.0179443359375 0.0125732421875 -0.00921630859375 ...
     -0.0159912109375 -0.000244140625 0.01416015625 0.00775146484375 -0.0086669921875 ...
     -0.0115966796875 0.001708984375 0.011474609375 0.00457763671875 -0.00811767578125 ...
     -0.008544921875 0.00286865234375 0.0093994140625 0.00238037109375 ...
     -0.0074462890625 -0.0062255859375 0.0035400390625 0.0076904296875 ...
     0.0008544921875 -0.0067138671875 -0.00439453125 0.00390625 0.00616455078125 ...
     -0.00030517578125 -0.00592041015625 -0.0029296875 0.00396728515625 ...
     0.0048828125 -0.0010986328125 -0.00518798828125 -0.00177001953125 ...
     0.00390625 0.0037841796875 -0.00164794921875 -0.00439453125 -0.0008544921875 ...
     0.003662109375 0.0028076171875 -0.001953125 -0.003662109375 -0.00018310546875 ...
     0.00335693359375 0.00201416015625 -0.0020751953125 -0.00299072265625 ...
     0.0003662109375 0.00299072265625 0.00128173828125 -0.00213623046875 ...
     -0.00238037109375 0.000732421875 0.00262451171875 0.000732421875 -0.00201416015625 ...
     -0.00177001953125 0.00091552734375 0.002197265625 0.00030517578125 ...
     -0.00189208984375 -0.00128173828125 0.00103759765625 0.00177001953125 ...
     0 -0.001708984375 -0.0008544921875 0.0010986328125 0.00140380859375 ...
     -0.000244140625 -0.00146484375 -0.00054931640625 0.00103759765625 ...
     0.0010986328125 -0.00042724609375 -0.001220703125 -0.000244140625 ...
     0.0009765625 0.00079345703125 -0.00048828125 -0.0009765625 -6.103515625E-5 ...
     0.0008544921875 0.00054931640625 -0.00048828125 -0.00079345703125 ...
     6.103515625E-5 0.00067138671875 0.0001220703125 -0.001220703125 -0.0035400390625 ...
     0.0009765625];

% h = [-0.0032	-0.0063		 0.0086 ...
%      0.0108	-0.0159		-0.0213	...
% 	  0.0296	 0.0397		-0.0567 ...
% 	  -0.0838 	 0.1468		 0.4485	...
% 	  0.4485	 0.1468		-0.0838 ...
% 	  -0.0567 	 0.0397	 	 0.0296 ...
% 	  -0.0213	-0.0159	 	 0.0108 ...
% 	  0.0086	-0.0063 	-0.0032 ];
